0	:invoke	:broadcast	0
0	:ok	:broadcast	0
1	:invoke	:broadcast	1
1	:ok	:broadcast	1
2	:invoke	:broadcast	2
2	:ok	:broadcast	2
3	:invoke	:read	nil
3	:ok	:read	[0]
4	:invoke	:read	nil
4	:ok	:read	[1]
0	:invoke	:broadcast	3
0	:ok	:broadcast	3
0	:invoke	:read	nil
0	:ok	:read	[3 0 1]
1	:invoke	:broadcast	4
1	:ok	:broadcast	4
2	:invoke	:broadcast	5
2	:ok	:broadcast	5
3	:invoke	:broadcast	6
3	:ok	:broadcast	6
4	:invoke	:read	nil
4	:ok	:read	[4 1 3 2 0]
0	:invoke	:broadcast	7
0	:ok	:broadcast	7
0	:invoke	:read	nil
0	:ok	:read	[6 0 1 7 2 3 4]
1	:invoke	:broadcast	8
1	:ok	:broadcast	8
2	:invoke	:broadcast	9
2	:ok	:broadcast	9
3	:invoke	:read	nil
3	:ok	:read	[2 3 1 0 4 6 7]
4	:invoke	:read	nil
4	:ok	:read	[7 6 5 2 4 1 3 8 0]
0	:invoke	:read	nil
0	:ok	:read	[6 0 5 1 7 2 3 8 4]
0	:invoke	:broadcast	10
0	:ok	:broadcast	10
1	:invoke	:broadcast	11
1	:ok	:broadcast	11
2	:invoke	:read	nil
2	:ok	:read	[3 8 7 2 6 1 0 4 9 5 11]
3	:invoke	:broadcast	12
3	:ok	:broadcast	12
4	:invoke	:read	nil
4	:ok	:read	[11 2 8 6 9 5 4 1 7 3 0]
0	:invoke	:read	nil
0	:ok	:read	[6 5 9 8 2 4 0 12 1 7 3 10 11]
0	:invoke	:read	nil
0	:ok	:read	[6 5 9 8 2 4 0 12 1 7 3 10 11]
1	:invoke	:broadcast	13
1	:ok	:broadcast	13
2	:invoke	:read	nil
2	:ok	:read	[10 9 3 8 7 2 6 1 0 4 5 11]
3	:invoke	:broadcast	14
3	:ok	:broadcast	14
4	:invoke	:broadcast	15
4	:ok	:broadcast	15
0	:invoke	:read	nil
0	:ok	:read	[6 5 9 8 2 13 4 0 12 1 7 3 10 11 14]
0	:invoke	:read	nil
0	:ok	:read	[6 5 9 15 8 2 13 4 0 12 1 7 3 10 11 14]
1	:invoke	:broadcast	16
1	:ok	:broadcast	16
2	:invoke	:read	nil
2	:ok	:read	[12 15 10 9 3 8 7 2 6 1 0 4 5 13 11]
3	:invoke	:broadcast	17
3	:ok	:broadcast	17
4	:invoke	:broadcast	18
4	:ok	:broadcast	18
0	:invoke	:broadcast	19
0	:ok	:broadcast	19
0	:invoke	:read	nil
0	:ok	:read	[6 5 9 15 8 2 13 4 17 0 12 1 16 19 7 3 10 11 14]
1	:invoke	:broadcast	20
1	:ok	:broadcast	20
2	:invoke	:broadcast	21
2	:ok	:broadcast	21
3	:invoke	:broadcast	22
3	:ok	:broadcast	22
4	:invoke	:read	nil
4	:ok	:read	[12 8 16 5 4 17 7 3 11 0 2 14 20 19 6 9 15 18 13 22 10 1]
0	:invoke	:broadcast	23
0	:ok	:broadcast	23
0	:invoke	:read	nil
0	:ok	:read	[9 15 2 13 4 22 17 12 1 7 20 11 10 14 6 5 23 8 18 0 16 19 3]
1	:invoke	:broadcast	24
1	:ok	:broadcast	24
2	:invoke	:broadcast	25
2	:ok	:broadcast	25
3	:invoke	:read	nil
3	:ok	:read	[14 8 1 16 17 3 20 0 4 7 12 15 2 19 5 10 18 6 22 23 11 9 13]
4	:invoke	:read	nil
4	:ok	:read	[12 8 16 5 4 17 7 3 11 0 21 2 14 20 23 19 6 9 15 18 13 22 10 1]
0	:invoke	:read	nil
0	:ok	:read	[9 15 2 13 4 22 17 12 21 1 7 20 11 10 14 6 5 23 8 18 0 16 19 3]
0	:invoke	:broadcast	26
0	:ok	:broadcast	26
1	:invoke	:read	nil
1	:ok	:read	[6 14 7 10 15 11 1 8 9 26 12 2 22 3 13 5 16 20 21 24 19 23 0 18 4 17]
2	:invoke	:read	nil
2	:ok	:read	[11 15 26 25 3 19 23 2 16 1 17 21 10 18 9 22 14 24 8 7 6 0 4 20 5 12 13]
3	:invoke	:broadcast	27
3	:ok	:broadcast	27
4	:invoke	:read	nil
4	:ok	:read	[12 8 16 5 4 17 7 3 11 0 21 26 2 14 20 23 19 6 9 25 15 18 13 22 10 1 24]
0	:invoke	:broadcast	28
0	:ok	:broadcast	28
0	:invoke	:read	nil
0	:ok	:read	[28 9 15 2 13 4 22 17 12 21 1 25 7 20 11 10 24 14 6 5 23 8 26 18 0 16 19 3]
1	:invoke	:broadcast	29
1	:ok	:broadcast	29
2	:invoke	:broadcast	30
2	:ok	:broadcast	30
3	:invoke	:read	nil
3	:ok	:read	[14 24 8 1 16 17 3 20 27 0 4 26 7 21 25 28 12 15 2 19 5 10 18 6 22 23 11 9 13]
4	:invoke	:broadcast	31
4	:ok	:broadcast	31
0	:invoke	:broadcast	32
0	:ok	:broadcast	32
0	:invoke	:read	nil
0	:ok	:read	[28 9 15 32 2 13 4 22 17 12 21 1 25 29 7 20 11 10 24 14 6 5 23 8 27 26 18 0 16 19 3]
1	:invoke	:read	nil
1	:ok	:read	[6 14 7 27 10 15 11 1 8 30 9 26 12 2 22 3 13 29 5 28 16 20 21 24 25 19 23 0 18 4 17]
2	:invoke	:broadcast	33
2	:ok	:broadcast	33
3	:invoke	:read	nil
3	:ok	:read	[14 24 8 1 16 17 29 3 20 27 0 4 26 7 21 25 28 12 15 2 19 5 10 18 6 22 23 32 11 9 13 31]
4	:invoke	:broadcast	34
0	:invoke	:broadcast	35
4	:ok	:broadcast	34
0	:ok	:broadcast	35
0	:invoke	:broadcast	36
0	:ok	:broadcast	36
1	:invoke	:read	nil
1	:ok	:read	[6 14 7 27 10 31 15 11 1 8 30 9 26 12 34 33 2 22 3 13 29 5 28 32 16 20 21 24 25 19 23 0 18 4 17 35 36]
2	:invoke	:broadcast	37
2	:ok	:broadcast	37
3	:invoke	:broadcast	38
3	:ok	:broadcast	38
4	:invoke	:read	nil
4	:ok	:read	[12 8 16 27 31 5 36 33 4 17 7 3 11 0 21 26 28 2 14 20 23 35 19 6 9 32 34 25 15 18 13 22 10 1 24 29 30]
0	:invoke	:read	nil
0	:ok	:read	[28 30 9 15 32 2 35 13 4 22 17 12 21 1 25 29 7 20 11 10 36 24 31 14 6 5 23 8 27 26 33 18 0 16 19 3 34]
0	:invoke	:read	nil
0	:ok	:read	[28 30 9 15 32 2 35 13 4 22 17 12 21 1 25 29 7 20 11 10 36 24 31 14 6 5 23 8 27 26 33 18 0 16 19 38 3 34]
1	:invoke	:broadcast	39
1	:ok	:broadcast	39
2	:invoke	:broadcast	40
2	:ok	:broadcast	40
3	:invoke	:read	nil
3	:ok	:read	[14 24 8 1 16 17 29 3 20 27 0 4 26 7 21 25 28 12 15 30 2 19 5 10 18 38 33 6 22 23 32 36 11 9 35 34 13 31]
4	:invoke	:read	nil
4	:ok	:read	[12 8 16 27 38 31 5 36 33 37 4 17 7 3 11 0 21 26 28 2 14 20 23 39 35 19 6 9 32 34 25 15 18 13 22 10 1 24 29 30]
0	:invoke	:broadcast	41
0	:ok	:broadcast	41
0	:invoke	:read	nil
0	:ok	:read	[28 30 9 15 32 2 35 13 4 22 17 12 21 1 25 29 7 20 11 10 36 24 31 14 6 5 23 8 39 27 26 41 33 40 18 0 16 19 38 3 34 37]
1	:invoke	:read	nil
1	:ok	:read	[6 14 7 40 27 10 31 15 11 1 8 30 9 26 12 34 33 2 22 3 13 29 5 28 32 16 20 21 24 37 38 25 39 41 19 23 0 18 4 17 35 36]
2	:invoke	:broadcast	42
2	:ok	:broadcast	42
3	:invoke	:read	nil
3	:ok	:read	[41 8 1 17 29 20 26 7 21 25 28 30 33 19 5 18 6 23 36 35 34 13 14 24 16 37 3 27 0 4 40 39 12 15 2 10 38 22 32 11 9 31]
4	:invoke	:read	nil
4	:ok	:read	[12 27 16 38 36 33 37 4 17 7 3 0 26 14 39 19 6 9 34 41 25 15 18 13 22 10 24 40 8 31 5 21 11 28 2 23 20 35 32 29 1 30]
0	:invoke	:read	nil
0	:ok	:read	[28 30 9 15 32 2 35 13 4 22 17 12 21 1 25 29 7 20 11 10 36 24 31 14 6 5 23 8 39 27 26 41 33 40 18 0 16 19 38 3 34 37]
0	:invoke	:broadcast	43
0	:ok	:broadcast	43
1	:invoke	:read	nil
1	:ok	:read	[6 14 7 40 27 42 10 31 15 11 1 8 30 9 26 12 34 33 2 22 3 13 29 5 28 32 16 20 21 24 37 38 25 39 41 19 23 0 18 4 17 35 36]
2	:invoke	:broadcast	44
2	:ok	:broadcast	44
3	:invoke	:read	nil
4	:invoke	:read	nil
0	:invoke	:broadcast	45
4	:ok	:read	[12 27 16 38 36 33 37 4 17 7 3 0 26 14 39 19 6 9 34 41 25 15 18 13 22 10 24 40 42 8 31 5 21 11 28 2 23 20 35 43 32 29 1 30]
3	:ok	:read	[41 8 1 17 29 20 26 7 21 25 28 30 33 19 5 18 6 23 36 35 34 13 14 24 16 37 3 27 0 4 40 43 39 12 15 2 10 38 22 32 11 9 31]
0	:ok	:broadcast	45
0	:invoke	:broadcast	46
0	:ok	:broadcast	46
1	:invoke	:read	nil
1	:ok	:read	[6 14 7 40 27 42 10 31 15 11 1 8 30 9 26 12 34 33 2 43 22 3 13 29 5 28 32 16 20 21 24 37 38 25 39 41 19 23 0 18 44 4 17 35 36]
2	:invoke	:read	nil
2	:ok	:read	[44 25 28 29 27 3 19 16 31 39 40 43 21 41 10 18 9 14 24 7 45 0 20 12 13 15 38 26 33 32 23 35 2 30 42 1 17 22 36 34 8 37 6 46 4 5 11]
3	:invoke	:read	nil
3	:ok	:read	[41 8 1 17 29 20 26 7 21 25 28 30 33 45 19 5 18 6 23 36 42 35 34 13 14 24 16 37 3 27 0 4 40 43 39 12 15 2 10 38 22 32 11 9 46 31]
4	:invoke	:broadcast	47
4	:ok	:broadcast	47
0	:invoke	:read	nil
0	:ok	:read	[44 15 32 2 13 4 22 21 36 29 7 14 6 5 8 27 26 33 40 18 0 16 45 3 34 37 28 30 9 35 42 17 12 1 25 20 11 10 24 31 23 43 46 39 41 38 19]
0	:invoke	:broadcast	48
0	:ok	:broadcast	48
1	:invoke	:read	nil
1	:ok	:read	[6 14 7 40 27 42 45 10 31 15 11 46 1 8 30 9 26 12 34 33 2 43 22 3 13 29 5 28 32 16 20 21 24 37 38 47 48 25 39 41 19 23 0 18 44 4 17 35 36]
2	:invoke	:broadcast	49
2	:ok	:broadcast	49
3	:invoke	:broadcast	50
3	:ok	:broadcast	50
4	:invoke	:read	nil
4	:ok	:read	[12 27 16 38 36 33 37 4 17 7 3 0 26 47 14 39 19 6 9 34 41 25 15 18 13 22 10 24 45 40 42 8 44 31 5 21 48 11 28 2 23 20 46 35 43 32 29 1 30]
0	:invoke	:broadcast	51
0	:ok	:broadcast	51
0	:invoke	:broadcast	52
0	:ok	:broadcast	52
1	:invoke	:read	nil
1	:ok	:read	[49 6 14 7 40 27 42 45 10 31 15 11 46 1 8 30 9 26 12 34 33 2 43 22 3 13 29 5 28 32 16 20 21 24 37 38 47 48 25 39 41 19 23 0 18 44 4 17 35 36]
2	:invoke	:read	nil
2	:ok	:read	[44 25 28 29 27 3 19 49 16 31 39 40 43 21 41 10 18 9 14 24 7 45 0 20 12 13 48 15 38 26 33 32 23 35 2 30 42 1 17 47 22 36 34 8 37 6 46 4 5 11]
3	:invoke	:read	nil
3	:ok	:read	[41 8 1 50 17 29 51 47 20 52 26 7 21 25 28 30 33 45 19 5 18 6 23 36 42 48 35 34 13 14 24 16 37 44 3 27 0 4 40 43 39 12 15 2 10 38 22 32 11 9 46 31]
4	:invoke	:read	nil
4	:ok	:read	[50 12 27 16 38 49 36 33 37 4 17 7 3 0 26 47 14 39 19 6 9 34 41 51 25 15 18 13 22 10 24 45 40 42 8 44 31 5 21 48 11 28 2 23 20 46 35 43 32 52 29 1 30]
0	:invoke	:read	nil
0	:ok	:read	[44 15 32 2 13 4 22 21 36 29 7 14 47 6 5 8 27 26 33 40 18 0 16 45 3 34 37 28 30 9 35 48 42 17 12 51 1 25 20 11 10 24 31 23 43 46 39 41 49 38 19 50 52]
0	:invoke	:broadcast	53
0	:ok	:broadcast	53
1	:invoke	:read	nil
1	:ok	:read	[6 14 40 45 52 31 15 11 8 26 12 34 33 2 22 29 32 20 21 38 50 37 41 19 23 4 49 7 27 42 46 10 51 1 30 9 43 13 3 47 5 28 16 24 48 25 39 44 0 18 17 35 36]
2	:invoke	:read	nil
2	:ok	:read	[50 44 25 28 29 27 3 19 49 16 31 39 40 43 21 41 10 18 9 14 24 7 45 0 20 12 13 48 15 38 26 33 32 23 35 2 30 42 1 52 17 47 22 51 36 34 8 37 6 46 4 5 11]
3	:invoke	:read	nil
3	:ok	:read	[41 8 1 50 17 29 51 47 20 52 26 7 21 25 28 30 33 45 19 5 18 6 23 36 42 48 35 34 13 14 24 16 37 44 3 27 0 4 40 43 39 12 15 2 10 38 53 22 32 49 11 9 46 31]
4	:invoke	:read	nil
4	:ok	:read	[50 12 27 16 38 49 36 33 37 4 17 7 3 0 26 47 14 39 19 6 9 34 41 51 25 15 18 13 22 10 24 45 53 40 42 8 44 31 5 21 48 11 28 2 23 20 46 35 43 32 52 29 1 30]
0	:invoke	:broadcast	54
0	:ok	:broadcast	54
0	:invoke	:read	nil
0	:ok	:read	[44 15 32 2 13 53 4 22 21 36 29 7 14 47 6 5 8 27 26 33 40 18 0 16 45 3 34 37 28 30 9 35 48 42 17 12 51 1 25 20 11 10 24 31 23 43 46 39 41 49 38 19 54 50 52]
1	:invoke	:read	nil
1	:ok	:read	[6 14 40 45 52 31 15 11 8 26 12 34 33 2 53 22 29 32 20 21 38 50 37 41 19 23 4 49 7 27 42 46 10 51 1 30 9 43 13 3 47 5 28 16 24 48 25 39 44 0 18 17 35 36]
2	:invoke	:broadcast	55
2	:ok	:broadcast	55
3	:invoke	:read	nil
3	:ok	:read	[41 8 1 50 17 29 51 47 20 52 26 7 21 25 28 30 33 45 54 19 5 18 6 23 36 42 48 35 34 13 14 24 16 37 44 3 27 0 4 40 43 39 12 15 2 10 38 53 22 32 49 11 9 46 31]
4	:invoke	:read	nil
4	:ok	:read	[50 12 27 16 38 49 36 33 37 4 17 7 3 0 26 47 14 39 19 54 6 9 34 41 51 25 15 18 13 22 10 24 45 53 40 42 8 44 31 5 21 48 11 28 2 23 20 46 35 43 32 52 29 1 30]
0	:invoke	:read	nil
0	:ok	:read	[44 15 32 2 13 53 4 22 21 36 29 7 14 47 6 5 8 27 26 33 40 18 0 16 45 3 34 37 28 30 9 35 48 42 17 12 51 1 25 20 11 10 24 31 23 43 46 39 41 49 38 19 55 54 50 52]
0	:invoke	:read	nil
0	:ok	:read	[44 15 32 2 13 53 4 22 21 36 29 7 14 47 6 5 8 27 26 33 40 18 0 16 45 3 34 37 28 30 9 35 48 42 17 12 51 1 25 20 11 10 24 31 23 43 46 39 41 49 38 19 55 54 50 52]
1	:invoke	:broadcast	56
1	:ok	:broadcast	56
2	:invoke	:read	nil
2	:ok	:read	[50 44 25 28 29 27 53 3 19 49 16 31 39 40 43 21 41 10 18 9 55 14 24 7 45 54 0 20 12 13 48 15 38 26 33 32 23 35 2 30 42 1 52 17 47 22 51 36 34 8 37 6 46 4 5 11]
3	:invoke	:read	nil
3	:ok	:read	[41 8 1 50 17 29 51 47 20 52 26 7 21 25 28 30 33 45 54 19 5 18 6 23 36 42 48 35 34 13 14 24 55 16 37 44 3 27 0 4 40 43 39 12 15 2 10 38 53 22 32 49 11 9 46 31]
4	:invoke	:broadcast	57
4	:ok	:broadcast	57
0	:invoke	:broadcast	58
0	:ok	:broadcast	58
0	:invoke	:broadcast	59
0	:ok	:broadcast	59
1	:invoke	:broadcast	60
1	:ok	:broadcast	60
2	:invoke	:broadcast	61
2	:ok	:broadcast	61
3	:invoke	:broadcast	62
3	:ok	:broadcast	62
4	:invoke	:broadcast	63
4	:ok	:broadcast	63
0	:invoke	:broadcast	64
0	:ok	:broadcast	64
0	:invoke	:read	nil
0	:ok	:read	[44 15 32 2 13 53 4 22 21 36 29 56 7 57 14 47 6 5 64 8 27 26 33 40 18 0 16 45 3 59 34 37 28 30 9 62 35 48 42 17 12 51 1 25 20 11 10 24 31 23 43 46 39 41 58 49 38 19 61 55 54 50 52 60]
1	:invoke	:read	nil
1	:ok	:read	[6 14 40 45 52 60 31 15 11 57 61 62 8 26 12 34 33 2 53 22 29 32 20 21 38 50 37 41 19 23 4 54 59 49 7 27 42 46 10 51 58 1 30 9 64 55 43 13 3 47 5 28 16 24 48 25 39 44 56 0 18 17 63 35 36]
2	:invoke	:broadcast	65
2	:ok	:broadcast	65
3	:invoke	:read	nil
3	:ok	:read	[41 8 1 50 59 17 29 51 47 63 20 52 26 7 21 25 28 30 33 45 54 19 5 18 6 23 36 42 48 62 35 34 58 13 14 24 56 55 16 37 61 64 44 3 27 0 4 40 57 43 39 12 15 2 10 38 53 22 32 49 60 11 9 46 31]
4	:invoke	:read	nil
0	:invoke	:read	nil
0	:ok	:read	[44 15 32 2 13 53 4 22 21 36 29 56 7 57 14 47 6 5 64 8 27 26 33 40 18 0 16 45 3 59 34 37 28 30 9 62 35 48 42 17 12 51 1 25 20 11 10 24 31 23 43 46 39 41 58 49 38 19 61 55 54 63 50 52 60]
4	:ok	:read	[57 50 12 55 27 16 38 49 36 33 37 4 17 7 3 0 26 64 47 14 39 58 19 59 54 6 9 34 41 51 25 15 18 13 22 10 24 45 53 56 60 61 40 42 8 44 31 5 63 21 48 11 28 2 23 20 46 35 43 32 62 52 29 1 30]
0	:invoke	:read	nil
0	:ok	:read	[44 15 32 2 13 53 4 22 21 36 29 56 7 57 14 47 6 5 64 8 27 26 33 40 18 0 16 45 3 59 34 37 28 30 9 62 35 48 42 17 12 51 1 25 20 11 10 24 31 23 43 46 39 41 58 49 38 19 61 55 54 63 50 52 60]
1	:invoke	:broadcast	66
1	:ok	:broadcast	66
2	:invoke	:broadcast	67
2	:ok	:broadcast	67
3	:invoke	:read	nil
3	:ok	:read	[41 8 1 50 59 17 29 51 47 63 20 52 26 7 21 25 28 30 33 45 54 19 5 18 6 23 36 42 48 62 35 34 58 13 14 24 56 55 16 37 61 64 44 3 27 0 4 40 57 43 39 12 15 2 10 38 53 22 32 49 60 11 9 46 31]
4	:invoke	:read	nil
4	:ok	:read	[57 50 12 55 27 16 38 49 36 33 37 4 17 7 3 0 26 64 47 66 14 39 58 19 59 54 6 9 34 41 51 25 15 18 13 22 10 24 45 53 56 60 61 40 42 8 44 31 5 63 21 48 11 28 65 2 23 20 46 35 43 32 62 52 29 1 30]
0	:invoke	:broadcast	68
0	:ok	:broadcast	68
0	:invoke	:broadcast	69
0	:ok	:broadcast	69
1	:invoke	:read	nil
1	:ok	:read	[6 14 40 45 52 60 31 15 11 57 61 62 8 26 12 34 33 2 53 22 29 32 69 20 21 38 50 37 41 19 23 4 67 54 59 49 7 27 42 46 10 51 58 1 30 9 64 55 43 13 3 47 5 28 16 68 24 65 48 25 39 44 56 66 0 18 17 63 35 36]
2	:invoke	:read	nil
2	:ok	:read	[50 58 44 25 28 29 27 53 3 19 49 16 31 39 66 40 43 21 41 67 10 18 9 55 57 14 24 7 45 54 56 0 20 62 12 13 48 15 64 38 26 69 33 32 23 35 2 30 42 1 52 17 47 22 51 36 34 8 61 37 59 6 63 46 60 65 4 68 5 11]
3	:invoke	:broadcast	70
3	:ok	:broadcast	70
4	:invoke	:read	nil
4	:ok	:read	[57 50 12 55 27 16 38 49 36 33 37 67 4 17 7 3 0 26 69 64 47 66 14 39 58 19 59 54 6 9 34 41 51 25 15 18 13 22 10 24 45 53 56 60 68 61 40 42 8 44 31 5 63 21 48 11 28 65 2 23 20 46 35 43 32 62 52 29 1 30]
0	:invoke	:read	nil
0	:ok	:read	[44 67 15 32 2 13 53 4 22 21 36 29 56 7 57 14 47 6 5 64 8 27 26 33 40 18 0 16 66 68 45 3 59 34 37 28 30 69 9 62 35 48 42 17 12 51 1 25 20 11 10 24 31 23 43 46 39 41 58 65 49 38 19 61 55 54 63 50 52 60]
0	:invoke	:read	nil
0	:ok	:read	[44 67 15 32 2 13 53 4 22 21 36 29 56 70 7 57 14 47 6 5 64 8 27 26 33 40 18 0 16 66 68 45 3 59 34 37 28 30 69 9 62 35 48 42 17 12 51 1 25 20 11 10 24 31 23 43 46 39 41 58 65 49 38 19 61 55 54 63 50 52 60]
1	:invoke	:read	nil
1	:ok	:read	[6 14 40 45 52 60 31 15 11 57 61 62 8 26 12 34 33 2 53 22 29 32 69 20 21 38 50 37 41 19 23 4 67 54 59 49 7 27 42 46 10 51 58 1 30 9 64 55 43 13 3 47 5 28 16 68 24 65 48 25 39 44 56 66 0 18 17 63 35 36]
2	:invoke	:broadcast	71
2	:ok	:broadcast	71
3	:invoke	:broadcast	72
3	:ok	:broadcast	72
4	:invoke	:read	nil
4	:ok	:read	[57 50 12 55 27 16 38 49 36 33 37 67 4 17 7 3 0 26 69 64 47 66 14 39 58 70 19 59 54 6 9 34 41 51 25 15 18 13 22 10 24 45 53 56 60 68 61 40 42 8 44 31 5 63 21 48 11 28 65 2 23 20 46 35 43 32 62 52 29 1 30]
0	:invoke	:read	nil
0	:ok	:read	[44 67 15 32 2 13 53 4 22 21 36 29 56 70 7 57 14 47 6 5 64 8 27 26 33 40 18 0 16 66 68 45 3 59 34 37 28 30 69 9 62 35 48 42 17 12 51 1 25 20 11 10 24 31 23 43 46 39 41 58 65 49 38 19 61 55 54 63 50 52 60]
0	:invoke	:read	nil
0	:ok	:read	[44 67 15 32 2 13 53 4 22 21 36 29 56 70 7 57 14 47 6 5 64 8 27 26 33 40 18 0 16 66 68 45 3 59 34 37 28 30 69 9 62 35 48 42 17 12 51 1 25 20 11 10 24 31 23 43 46 39 41 58 65 49 38 19 61 55 54 63 50 52 60]
1	:invoke	:broadcast	73
1	:ok	:broadcast	73
2	:invoke	:broadcast	74
2	:ok	:broadcast	74
3	:invoke	:broadcast	75
3	:ok	:broadcast	75
4	:invoke	:read	nil
4	:ok	:read	[57 50 12 55 27 16 38 72 49 36 33 71 37 67 4 17 7 3 0 26 69 64 47 66 14 39 58 70 19 59 54 6 9 34 41 51 25 15 18 13 22 10 24 45 53 56 60 68 73 61 40 42 8 44 31 5 63 21 48 11 28 65 2 23 20 46 35 43 32 62 52 29 1 30]
0	:invoke	:broadcast	76
0	:ok	:broadcast	76
0	:invoke	:read	nil
0	:ok	:read	[44 67 15 32 2 13 53 4 22 21 36 29 56 70 7 72 57 76 71 14 75 47 6 5 64 8 27 26 33 40 18 0 16 66 68 45 3 59 34 37 28 30 73 69 9 62 35 48 42 17 12 51 1 25 20 11 10 74 24 31 23 43 46 39 41 58 65 49 38 19 61 55 54 63 50 52 60]
1	:invoke	:read	nil
1	:ok	:read	[6 14 70 40 45 52 60 74 31 15 11 57 61 62 8 26 12 34 33 2 53 22 29 32 69 20 21 38 50 37 73 41 19 23 76 4 67 54 59 49 7 27 42 46 10 51 58 75 1 30 71 9 64 55 43 13 3 47 5 28 16 68 24 65 48 25 39 44 56 66 0 18 72 17 63 35 36]
2	:invoke	:broadcast	77
2	:ok	:broadcast	77
3	:invoke	:broadcast	78
3	:ok	:broadcast	78
4	:invoke	:broadcast	79
4	:ok	:broadcast	79
0	:invoke	:read	nil
0	:ok	:read	[44 67 15 32 2 13 53 4 22 21 36 29 56 70 7 72 57 76 71 14 75 47 6 5 64 8 27 26 33 40 18 0 16 66 68 45 3 59 34 37 28 30 73 69 9 62 35 48 42 17 12 51 1 25 20 11 10 74 24 31 23 43 46 39 41 58 65 49 38 19 61 55 78 54 63 50 52 60]
0	:invoke	:broadcast	80
0	:ok	:broadcast	80
1	:invoke	:broadcast	81
1	:ok	:broadcast	81
2	:invoke	:read	nil
2	:ok	:read	[58 79 44 25 28 29 53 3 16 39 66 40 21 41 67 10 81 18 9 55 57 14 24 54 73 77 70 74 20 62 12 48 64 69 23 35 75 30 42 1 17 51 59 6 60 65 11 72 27 19 49 31 43 76 71 45 7 56 0 78 13 15 38 26 33 32 2 52 47 22 80 36 34 8 61 37 63 68 46 4 5 50]
3	:invoke	:read	nil
3	:ok	:read	[41 67 8 1 50 59 17 29 72 51 47 63 66 20 52 79 26 7 21 25 28 30 33 45 54 19 5 18 75 68 6 23 36 42 71 48 78 62 35 34 58 65 69 13 14 24 56 55 16 37 74 61 64 80 44 3 27 0 4 40 57 43 39 12 15 73 2 10 38 53 76 22 32 49 60 70 11 9 46 31]
4	:invoke	:read	nil
4	:ok	:read	[57 50 12 55 76 38 49 36 33 37 75 4 3 69 64 47 66 14 77 19 59 54 34 73 25 18 56 61 40 42 78 8 5 48 28 2 46 20 35 32 52 29 1 81 30 27 16 72 71 67 17 7 26 0 70 39 58 6 9 41 53 51 79 15 22 13 45 10 24 68 60 44 31 80 63 21 65 11 23 43 62 74]
0	:invoke	:read	nil
0	:ok	:read	[44 67 15 32 2 13 53 4 22 21 36 29 56 70 7 72 57 76 71 14 75 47 6 5 64 8 27 26 79 33 40 18 0 16 66 68 77 45 3 59 34 37 28 30 73 69 9 62 35 48 42 17 12 51 1 25 20 11 10 74 24 31 80 23 43 46 39 41 58 65 49 38 19 61 55 78 54 63 81 50 52 60]
0	:invoke	:broadcast	82
0	:ok	:broadcast	82
1	:invoke	:broadcast	83
1	:ok	:broadcast	83
2	:invoke	:read	nil
2	:ok	:read	[58 79 44 25 28 29 53 3 16 39 66 40 21 41 67 10 81 18 9 55 57 14 24 54 73 77 70 74 20 62 12 48 64 69 23 35 75 30 42 1 17 51 59 6 60 65 11 72 27 19 49 31 43 76 71 45 7 56 0 78 13 15 38 26 33 32 2 52 47 22 80 36 34 8 61 37 63 68 46 4 5 50]
3	:invoke	:broadcast	84
3	:ok	:broadcast	84
4	:invoke	:broadcast	85
4	:ok	:broadcast	85
0	:invoke	:broadcast	86
0	:ok	:broadcast	86
0	:invoke	:read	nil
0	:ok	:read	[44 67 15 32 82 2 13 53 4 22 21 36 29 56 70 7 72 57 76 71 86 14 75 47 6 5 64 8 27 26 79 33 40 18 0 16 66 68 77 45 3 59 34 37 28 30 73 69 9 85 62 35 48 42 17 12 51 1 25 20 11 10 74 24 31 80 23 43 46 39 41 58 65 49 38 19 61 55 78 54 63 81 50 83 84 52 60]
1	:invoke	:read	nil
1	:ok	:read	[6 14 70 40 45 52 60 74 31 15 11 57 61 62 8 26 12 34 33 2 53 22 29 32 69 20 21 38 50 37 73 81 41 19 23 76 4 67 78 54 59 49 79 82 7 83 27 42 46 10 51 58 75 1 30 71 9 77 64 55 43 13 3 47 5 28 16 68 24 80 65 48 25 39 44 56 66 0 18 72 17 63 35 85 36]
2	:invoke	:broadcast	87
2	:ok	:broadcast	87
3	:invoke	:broadcast	88
3	:ok	:broadcast	88
4	:invoke	:broadcast	89
4	:ok	:broadcast	89
0	:invoke	:read	nil
0	:ok	:read	[67 15 13 53 4 36 56 70 76 7 86 57 71 14 75 6 5 26 77 66 18 0 16 68 45 59 37 30 62 35 48 17 1 25 11 74 23 43 89 39 41 49 19 61 63 84 52 44 32 82 2 22 21 29 72 47 64 8 27 79 33 40 3 34 28 73 88 69 9 85 42 51 12 20 10 24 31 80 46 58 65 83 38 81 78 55 54 50 60]
0	:invoke	:read	nil
0	:ok	:read	[67 15 13 53 4 36 56 70 76 7 86 57 71 14 75 6 5 26 77 66 18 0 16 68 45 59 37 30 62 35 48 17 1 25 11 74 23 43 89 39 41 49 19 61 63 84 52 44 32 82 2 22 21 29 72 47 64 8 27 79 33 40 3 34 28 73 88 69 9 85 42 51 12 20 10 24 31 80 46 58 65 83 38 81 78 55 54 50 60]
1	:invoke	:read	nil
1	:ok	:read	[6 14 70 40 45 52 60 74 31 15 11 57 61 62 8 26 12 34 88 33 2 53 22 29 32 69 20 21 38 50 37 73 81 84 41 89 19 23 76 4 67 78 54 59 49 79 82 7 83 27 42 46 10 51 58 75 1 30 71 9 77 64 55 43 13 3 47 5 28 87 16 68 24 80 65 48 25 39 44 56 66 0 18 72 17 63 35 85 86 36]
2	:invoke	:broadcast	90
2	:ok	:broadcast	90
3	:invoke	:broadcast	91
3	:ok	:broadcast	91
4	:invoke	:broadcast	92
4	:ok	:broadcast	92
0	:invoke	:read	nil
0	:ok	:read	[67 15 13 53 4 36 56 70 76 7 86 57 71 14 75 6 5 26 77 66 18 0 16 68 45 59 37 30 62 35 48 17 1 25 11 74 87 23 43 89 39 41 49 19 61 63 84 52 44 32 82 2 22 21 29 72 47 64 8 27 79 33 40 3 34 28 73 88 69 9 85 42 51 12 20 10 24 31 80 46 58 65 83 38 81 78 55 54 50 60]
0	:invoke	:read	nil
0	:ok	:read	[67 15 13 53 4 36 56 70 76 7 86 57 71 14 75 6 5 26 77 66 18 0 16 68 45 59 37 30 62 35 48 17 1 25 11 74 87 23 43 89 39 41 49 19 61 63 84 52 44 32 82 2 22 21 29 72 47 64 8 27 79 33 40 3 34 28 73 88 69 9 85 42 51 12 20 10 24 31 80 46 58 65 83 38 81 78 55 54 50 60]
1	:invoke	:broadcast	93
1	:ok	:broadcast	93
2	:invoke	:broadcast	94
2	:ok	:broadcast	94
3	:invoke	:read	nil
3	:ok	:read	[83 8 59 84 17 29 47 63 77 7 25 33 5 18 75 68 6 23 42 71 81 86 13 55 91 61 64 44 3 27 0 4 40 57 15 2 10 38 76 70 32 11 46 31 41 67 50 1 72 51 66 20 52 79 26 21 30 45 28 54 19 87 36 48 78 62 35 34 58 65 69 89 14 24 92 56 16 37 74 80 43 39 12 73 85 53 22 49 88 60 82 9]
4	:invoke	:read	nil
4	:ok	:read	[57 50 91 12 55 76 93 38 88 49 36 33 37 75 4 3 69 64 47 66 14 77 84 19 59 54 34 73 25 18 56 61 40 42 78 8 89 92 5 48 28 85 86 87 2 46 20 35 83 32 52 29 1 81 30 82 27 16 72 90 71 67 17 7 26 0 70 39 58 6 9 41 53 51 79 15 22 13 45 10 24 68 60 44 31 80 63 21 65 11 23 43 62 74]
0	:invoke	:broadcast	95
0	:ok	:broadcast	95
0	:invoke	:broadcast	96
0	:ok	:broadcast	96
1	:invoke	:read	nil
1	:ok	:read	[6 14 70 40 45 52 60 74 31 15 11 57 61 62 8 26 12 34 88 33 2 53 22 29 94 32 69 20 21 38 50 37 73 81 84 41 89 19 23 76 92 4 67 78 54 59 49 79 90 91 82 7 83 27 42 46 10 51 93 58 75 1 30 71 9 77 64 55 43 13 3 47 5 28 87 16 68 24 80 65 48 25 39 44 56 66 0 18 72 17 63 35 85 86 36]
2	:invoke	:read	nil
2	:ok	:read	[58 79 44 25 28 29 53 3 16 39 66 40 21 41 67 10 81 18 9 55 57 14 24 54 73 77 70 74 20 62 12 48 64 87 69 23 35 75 85 30 42 94 1 17 92 51 86 59 6 60 65 11 89 72 27 93 19 49 31 88 43 76 71 45 7 56 0 78 13 83 15 38 26 33 32 91 2 82 52 90 47 22 80 36 84 34 8 61 37 63 68 46 4 5 50]
3	:invoke	:broadcast	97
3	:ok	:broadcast	97
4	:invoke	:broadcast	98
4	:ok	:broadcast	98
0	:invoke	:broadcast	99
0	:ok	:broadcast	99
0	:invoke	:broadcast	100
0	:ok	:broadcast	100
1	:invoke	:read	nil
1	:ok	:read	[6 14 70 40 45 52 60 74 31 15 11 57 61 62 8 26 12 34 88 33 2 53 22 29 94 32 69 20 21 38 50 37 73 81 84 41 89 19 23 76 92 4 67 78 54 59 49 79 90 91 82 7 83 27 42 46 10 51 93 58 75 1 30 71 9 77 96 64 55 95 43 13 3 47 5 28 87 16 68 24 80 65 48 25 39 44 56 66 0 18 72 17 63 35 85 86 36]
2	:invoke	:broadcast	101
2	:ok	:broadcast	101
3	:invoke	:broadcast	102
3	:ok	:broadcast	102
4	:invoke	:broadcast	103
4	:ok	:broadcast	103
0	:invoke	:read	nil
0	:ok	:read	[67 15 13 53 4 36 56 70 76 7 86 57 96 71 14 75 6 5 26 77 66 18 0 16 68 45 59 37 30 62 35 48 91 17 1 25 11 74 87 23 43 89 39 41 49 19 61 63 98 92 84 52 44 32 82 2 22 21 29 72 47 64 8 27 79 33 40 93 90 3 34 28 73 88 69 99 9 85 102 42 51 12 94 20 10 24 31 80 97 95 46 58 100 65 83 38 81 78 55 103 54 50 60]
0	:invoke	:read	nil
0	:ok	:read	[67 15 13 53 4 36 56 70 76 7 86 57 96 71 14 75 6 5 26 77 66 18 0 16 68 45 59 37 30 62 35 48 91 17 1 25 11 74 87 23 43 89 39 41 49 19 61 63 98 92 84 52 44 32 82 2 22 21 29 72 47 64 8 27 79 33 40 93 90 3 34 28 73 88 69 99 9 85 102 42 51 12 94 20 10 24 31 80 97 95 46 58 100 65 83 38 81 78 55 103 54 50 60]
1	:invoke	:read	nil
1	:ok	:read	[98 6 14 70 40 45 52 60 74 31 15 11 57 61 62 8 97 26 12 34 88 99 33 2 53 22 29 94 32 69 20 21 38 50 37 73 81 84 41 89 19 23 76 92 4 67 78 54 59 49 79 90 91 82 7 83 27 42 46 10 51 93 58 75 1 30 71 9 77 96 64 55 95 43 13 3 47 5 28 87 16 68 24 80 65 48 103 25 39 44 56 66 0 18 72 100 17 63 35 101 85 86 36]
2	:invoke	:broadcast	104
2	:ok	:broadcast	104
1	:invoke	:read	nil
3	:invoke	:read	nil
4	:invoke	:read	nil
0	:invoke	:read	nil
2	:invoke	:read	nil
1	:ok	:read	[98 6 14 70 40 45 52 60 74 31 15 11 57 61 62 8 97 26 12 34 88 99 33 2 53 102 22 29 94 32 69 20 21 38 50 37 73 81 84 41 89 19 23 76 92 4 67 78 54 59 49 79 90 91 82 7 83 27 42 46 10 51 93 58 75 104 1 30 71 9 77 96 64 55 95 43 13 3 47 5 28 87 16 68 24 80 65 48 103 25 39 44 56 66 0 18 72 100 17 63 35 101 85 86 36]
3	:ok	:read	[83 97 8 59 103 84 17 29 47 63 77 7 25 33 5 18 93 75 68 6 23 102 42 71 81 86 96 13 94 55 91 61 64 44 3 27 0 4 40 57 15 2 10 99 38 76 70 32 98 104 11 46 31 101 41 67 50 1 72 90 51 66 20 52 79 26 21 30 45 28 54 19 87 36 100 48 78 62 35 34 58 65 69 95 89 14 24 92 56 16 37 74 80 43 39 12 73 85 53 22 49 88 60 82 9]
0	:ok	:read	[67 15 13 53 4 36 56 70 76 7 86 57 96 71 14 75 6 5 26 77 66 18 0 16 68 45 59 37 104 30 62 35 48 91 17 1 25 11 74 87 23 43 89 39 41 49 19 61 63 98 92 84 52 44 32 82 2 22 21 29 72 47 64 8 27 79 33 40 93 90 3 34 28 73 88 69 99 9 85 102 42 51 12 94 20 10 24 31 80 101 97 95 46 58 100 65 83 38 81 78 55 103 54 50 60]
4	:ok	:read	[57 50 91 12 55 76 93 38 88 49 36 33 37 75 4 3 69 64 47 66 14 77 84 19 59 54 104 103 34 73 25 18 56 61 40 42 78 8 89 92 101 5 48 28 85 86 87 2 46 20 35 94 83 32 52 29 1 81 30 82 27 16 72 90 71 67 17 7 26 0 100 70 39 58 6 9 41 53 51 79 15 22 13 45 10 24 68 60 97 95 102 44 31 80 98 96 63 21 65 11 23 43 62 74 99]
2	:ok	:read	[58 79 44 25 28 29 53 3 16 39 66 40 21 41 67 10 81 18 9 55 57 14 24 54 73 77 70 74 20 101 62 12 48 64 87 69 23 35 75 85 30 42 94 1 17 92 51 86 59 6 60 65 11 96 89 72 95 100 102 27 93 19 49 31 97 88 43 76 71 45 7 56 0 78 13 83 98 15 104 38 26 33 99 32 91 2 82 52 90 47 22 80 36 84 34 8 61 37 63 68 46 103 4 5 50]
